[0.9749999999999999, 0.9583333333333334, 0.9749999999999999, 0.9666666666666666]
Quantidade de neuronios ocultos 3.000000
1.0
[[12  0  0]
 [ 0  9  0]
 [ 0  0  9]]
[0.9666666666666666, 0.9583333333333334, 0.9666666666666666, 0.9666666666666666]
Quantidade de neuronios ocultos 3.000000
0.9333333333333333
[[13  0  0]
 [ 0  6  0]
 [ 0  2  9]]
[0.95, 0.95, 0.9666666666666666, 0.9583333333333333]
Quantidade de neuronios ocultos 9.000000
1.0
[[14  0  0]
 [ 0  8  0]
 [ 0  0  8]]
[0.9666666666666666, 0.975, 0.975, 0.975]
Quantidade de neuronios ocultos 6.000000
0.9
[[11  0  0]
 [ 0  7  3]
 [ 0  0  9]]
[0.9499999999999998, 0.9499999999999998, 0.9416666666666667, 0.95]
Quantidade de neuronios ocultos 12.000000
0.9666666666666667
[[10  0  0]
 [ 0 10  1]
 [ 0  0  9]]
[0.975, 0.975, 0.975, 0.975]
Quantidade de neuronios ocultos 3.000000
0.9333333333333333
[[12  0  0]
 [ 0 10  0]
 [ 0  2  6]]
[0.9583333333333334, 0.9583333333333334, 0.9583333333333334, 0.9583333333333334]
Quantidade de neuronios ocultos 3.000000
0.9333333333333333
[[11  0  0]
 [ 0  7  0]
 [ 0  2 10]]
[0.975, 0.9833333333333332, 0.975, 0.975]
Quantidade de neuronios ocultos 6.000000
0.9333333333333333
[[11  0  0]
 [ 0  5  0]
 [ 0  2 12]]
[0.9666666666666666, 0.9666666666666666, 0.9666666666666666, 0.9583333333333333]
Quantidade de neuronios ocultos 3.000000
0.9666666666666667
[[ 9  0  0]
 [ 0 10  0]
 [ 0  1 10]]
[0.9666666666666666, 0.9666666666666666, 0.9666666666666666, 0.9666666666666666]
Quantidade de neuronios ocultos 3.000000
0.9666666666666667
[[ 8  0  0]
 [ 0 12  0]
 [ 0  1  9]]
[0.9749999999999999, 0.9749999999999999, 0.9749999999999999, 0.9749999999999999]
Quantidade de neuronios ocultos 3.000000
0.9666666666666667
[[13  0  0]
 [ 0  7  1]
 [ 0  0  9]]
[0.9583333333333334, 0.9583333333333334, 0.9583333333333334, 0.9583333333333334]
Quantidade de neuronios ocultos 3.000000
0.9666666666666667
[[10  0  0]
 [ 0  8  1]
 [ 0  0 11]]
[0.975, 0.9666666666666666, 0.9583333333333334, 0.9666666666666668]
Quantidade de neuronios ocultos 3.000000
0.9333333333333333
[[12  0  0]
 [ 0 10  2]
 [ 0  0  6]]
[0.9916666666666666, 0.9916666666666666, 0.9833333333333332, 0.9916666666666666]
Quantidade de neuronios ocultos 3.000000
0.9333333333333333
[[12  0  0]
 [ 0  5  1]
 [ 0  1 11]]
[0.9666666666666666, 0.9666666666666666, 0.9666666666666666, 0.9583333333333334]
Quantidade de neuronios ocultos 3.000000
0.9333333333333333
[[12  0  0]
 [ 0  7  0]
 [ 0  2  9]]
[0.9666666666666666, 0.9583333333333334, 0.9666666666666666, 0.9583333333333333]
Quantidade de neuronios ocultos 3.000000
0.9666666666666667
[[10  0  0]
 [ 0  6  0]
 [ 0  1 13]]
[0.975, 0.9666666666666666, 0.9666666666666666, 0.975]
Quantidade de neuronios ocultos 3.000000
0.9666666666666667
[[ 9  0  0]
 [ 0  7  0]
 [ 0  1 13]]
[0.975, 0.975, 0.975, 0.975]
Quantidade de neuronios ocultos 3.000000
0.9
[[10  0  0]
 [ 0  9  0]
 [ 0  3  8]]
[0.9666666666666666, 0.9749999999999999, 0.9749999999999999, 0.9749999999999999]
Quantidade de neuronios ocultos 6.000000
0.9333333333333333
[[ 9  0  0]
 [ 0 10  1]
 [ 0  1  9]]
[0.9583333333333333, 0.9499999999999998, 0.9499999999999998, 0.9499999999999998]
Quantidade de neuronios ocultos 3.000000
1.0
[[14  0  0]
 [ 0  6  0]
 [ 0  0 10]]


np.mean(Taxas_de_acerto)
Out[6]: 0.9516666666666665